XXXX 2016  1 24 10 30 29.56  59.6204 -153.3392 110.7 7.1 7.1 20160124103029557
event name: 20160124103029557
time shift:      0.0000
half duration:   9.3583
latitude:       59.6204
longitude:    -153.3392
depth:         110.7000
Mrr:       2.390000e+26
Mtt:      -5.660000e+26
Mpp:       3.270000e+26
Mrt:       8.340000e+25
Mrp:       3.050000e+26
Mtp:       9.650000e+25
